-1.127088186658070645e+00 -4.965787555859171309e-01 2.236211605740550112e-01
-7.383038875690139946e-02 5.566790423152521150e-01 1.276878958475224479e+00
-9.299042150055478739e-01 -2.993947839333941374e-01 4.208051322265777827e-01
-2.788896795136075468e-02 6.026204631207927598e-01 1.322820379280765124e+00
-4.197245168513363822e-01 2.107849142208171322e-01 9.309848303807894965e-01
-4.568220101172020264e-01 1.736874209549519321e-01 8.938873371149238523e-01
-5.536327830890579449e-01 7.687664798309601366e-02 7.970765641430679338e-01
-2.929348615536788714e-01 3.375745695184746431e-01 1.057774485678447007e+00
-1.115549791359281562e+00 -4.850403602871278252e-01 2.351595558728440949e-01
-1.153246766226848630e+00 -5.227373351546948932e-01 1.974625810052770269e-01
-9.159286850645054212e-01 -2.854192539923516847e-01 4.347806621676202354e-01
