-4.634350797287201118e-01 1.670743513434338468e-01 8.872742675034057669e-01
-4.711707302836884992e-01 1.593387007884650153e-01 8.795386169484373795e-01
1.044063608650376729e+00 1.674573039722530243e+00 2.394772955882502607e+00
-2.224670838524764882e-01 4.080423472196770263e-01 1.128242263379648946e+00
-6.836984508999581767e-01 -5.318901982780488424e-02 6.670108963321670359e-01
-3.119032837518167511e-01 3.186061473203372074e-01 1.038806063480309128e+00
-6.548719905826976273e-01 -2.436255951054366875e-02 6.958373566494282514e-01
3.899565347884488276e-01 1.020465965860602342e+00 1.740665882020574706e+00
2.833737861737710695e-01 9.138832172459245839e-01 1.634083133405896504e+00
-8.937537736883178763e-01 -2.632443426161645839e-01 4.569555735438077804e-01
-9.801786157663008314e-01 -3.496691846941470949e-01 3.705307314658248252e-01
-9.242449728116579610e-01 -2.937355417395046686e-01 4.264643744204672515e-01
