
[UTCDateTime(2018, 11, 1, 9, 16, 49, 169999),
 UTCDateTime(2018, 11, 1, 12, 49, 22, 929999),
 UTCDateTime(2018, 11, 1, 13, 19, 50, 249999),
 UTCDateTime(2018, 11, 1, 13, 30, 7, 820000),
 UTCDateTime(2018, 11, 1, 14, 47, 19, 460000), 
UTCDateTime(2018, 11, 1, 14, 47, 19, 480000), 
UTCDateTime(2018, 11, 1, 17, 49, 10, 649999), 
UTCDateTime(2018, 11, 1, 17, 52, 22, 940000), 
UTCDateTime(2018, 11, 1, 18, 51, 5, 760000), 
UTCDateTime(2018, 11, 1, 18, 51, 5, 910000),
 UTCDateTime(2018, 11, 1, 20, 33, 25, 740000), array([0.08714914, 0.30863095, 0.46531107]), array([0.20981401, 0.22786584, 0.18962312]), array([0.22996743, 0.35214779, 0.1979148 ]), array([0.23075088, 0.17075979, 0.18541924]), array([0.09152006, 0.21781622, 0.44365731]), array([0.09156905, 0.2181685 , 0.44431849]), array([0.09677801, 0.14819341, 0.27701893]), array([0.0723403 , 0.19811219, 0.32402092]), array([0.13540118, 0.32947545, 0.37584695]), array([0.13476202, 0.32769999, 0.37456328]), array([0.13919902, 0.50262593, 0.39906153]), array([0.60389705, 0.57003222, 0.5411482 ]), array([0.52716797, 0.59403241, 0.53681536]), array([0.56731702, 0.57223323, 0.58292889]), array([0.52988168, 0.5433515 , 0.56087806]), array([0.53109208, 0.5667968 , 0.52857172]), array([0.53081668, 0.56359478, 0.53121611]), array([0.57861545, 0.61544617, 0.55792683]), array([0.59810018, 0.56676596, 0.55390048]), array([0.58345119, 0.52562402, 0.49079569]), array([0.58731863, 0.52811311, 0.50692699]), array([0.55815866, 0.488545  , 0.46398506])]