
[UTCDateTime(2018, 10, 29, 9, 22, 30, 870000),
 UTCDateTime(2018, 10, 29, 9, 22, 31, 120000),
 UTCDateTime(2018, 10, 29, 11, 30, 39, 609999),
 UTCDateTime(2018, 10, 29, 11, 58, 35, 849999),
 UTCDateTime(2018, 10, 29, 15, 39, 22, 420000),
 UTCDateTime(2018, 10, 29, 15, 47, 37, 720000),
 UTCDateTime(2018, 10, 29, 15, 56, 27, 569999), 
UTCDateTime(2018, 10, 29, 18, 1, 13, 249999),
 UTCDateTime(2018, 10, 29, 18, 1, 13, 360000),
 UTCDateTime(2018, 10, 29, 18, 25, 42, 70000),
 UTCDateTime(2018, 10, 29, 20, 11, 10, 800000), 
UTCDateTime(2018, 10, 29, 20, 14, 46, 960000), array([0.097733  , 0.27518883, 0.36456603]), array([0.09813259, 0.27948516, 0.36137409]), array([0.99798809, 0.99845122, 0.99526491]), array([0.74414847, 0.86705303, 0.86322493]), array([0.16669119, 0.30658595, 0.37181968]), array([0.22883011, 0.30911447, 0.23163972]), array([0.17033081, 0.38314822, 0.29225422]), array([0.70010398, 0.96201087, 0.96284741]), array([0.69981113, 0.96100744, 0.96260898]), array([0.10003576, 0.26360744, 0.38666329]), array([0.10856294, 0.36220408, 0.38062124]), array([0.12723238, 0.34505391, 0.46709892]), array([0.68675874, 0.53845028, 0.63107838]), array([0.70126   , 0.54516067, 0.61916186]), array([0.89603441, 0.52048627, 0.50734838]), array([0.86892919, 0.51239748, 0.50541778]), array([0.56709941, 0.57888365, 0.47136368]), array([0.73828525, 0.67505847, 0.61734202]), array([0.53089617, 0.51158775, 0.53797234]), array([0.77962621, 0.52209422, 0.53321863]), array([0.78186601, 0.52613196, 0.5412797 ]), array([0.52961551, 0.62773885, 0.61576082]), array([0.53770584, 0.62089472, 0.54542052]), array([0.56180887, 0.60137252, 0.53673328])]