
[UTCDateTime(2018, 10, 25, 14, 59, 26, 710000),
 UTCDateTime(2018, 10, 25, 15, 22, 59, 150000),
 UTCDateTime(2018, 10, 25, 17, 0, 35, 249999),
 UTCDateTime(2018, 10, 25, 17, 56, 40, 70000), 
UTCDateTime(2018, 10, 25, 18, 48, 51, 9999),
 UTCDateTime(2018, 10, 25, 19, 36, 52, 680000),
 array([0.23309074, 0.72478528, 0.75383978]),
 array([0.29103172, 0.69364488, 0.77253101]), 
array([0.48444907, 0.78446242, 0.7934307 ]),
 array([0.28583309, 0.68752907, 0.70881491]),
 array([0.27494856, 0.74249425, 0.73378005]),
 array([0.10833763, 0.23146728, 0.30578744]),
 array([0.55882108, 0.44976304, 0.48829938]),
 array([0.53120025, 0.43239082, 0.4682453 ]), 
array([0.68450791, 0.57051947, 0.47009315]),
 array([0.54895032, 0.46500462, 0.51648085]), 
array([0.60748485, 0.49106021, 0.45865416]),
 array([0.55743145, 0.60562392, 0.5919324 ])]