
[UTCDateTime(2018, 10, 26, 11, 18, 32, 980000),
 UTCDateTime(2018, 10, 26, 17, 43, 27, 440000), 
UTCDateTime(2018, 10, 26, 20, 39, 22, 190000),
 UTCDateTime(2018, 10, 26, 20, 57, 16, 300000),
 array([0.28292182, 0.77735482, 0.7390523 ]),
 array([0.4017453 , 0.67849789, 0.64534963]),
 array([0.24043048, 0.75623017, 0.72282986]), 
array([0.08784916, 0.26556894, 0.28699439]),
 array([0.56896074, 0.54068803, 0.49611748]),
 array([0.58526811, 0.38058891, 0.36889557]),
 array([0.62509142, 0.54558544, 0.47117707]),
 array([0.56735521, 0.67872804, 0.64403839])]