
[UTCDateTime(2018, 10, 19, 17, 39, 34, 160000), 
UTCDateTime(2018, 10, 19, 18, 3, 2, 440000),
 UTCDateTime(2018, 10, 19, 18, 31, 52, 820000), 
UTCDateTime(2018, 10, 19, 19, 28, 17, 830000), 
UTCDateTime(2018, 10, 19, 20, 27, 30, 710000),
 array([0.1924814 , 0.36352779, 0.34121564]),
 array([0.13124495, 0.50318152, 0.44268639]),
 array([0.13485479, 0.34759787, 0.35738032]), 
array([0.12454476, 0.35304477, 0.3574098 ]),
 array([0.10875207, 0.48718932, 0.40721102]), 
array([0.53519555, 0.46156514, 0.57516025]),
 array([0.53642697, 0.49551402, 0.4837568 ]), 
array([0.55011253, 0.59797705, 0.5405485 ]), 
array([0.56379881, 0.48300168, 0.4625629 ]), 
array([0.56608528, 0.4479688 , 0.38024978])]