
[UTCDateTime(2018, 11, 1, 9, 16, 49, 169999),
 UTCDateTime(2018, 11, 1, 13, 2, 20, 510000), 
UTCDateTime(2018, 11, 1, 13, 32, 41, 790000), 
UTCDateTime(2018, 11, 1, 17, 52, 22, 940000),
 array([0.1006523 , 0.29124546, 0.45561073]),
 array([0.26251605, 0.19141951, 0.10850046]),
 array([0.12787842, 0.3477154 , 0.35452455]),
 array([0.07604039, 0.18601107, 0.32598895]), 
array([0.54297364, 0.5399332 , 0.43576768]),
 array([0.56974926, 0.52550683, 0.58242967]), 
array([0.56745448, 0.62042042, 0.5953086 ]), array([0.59023332, 0.53183028, 0.52577249])]