
[UTCDateTime(2018, 10, 26, 11, 18, 32, 980000),
 UTCDateTime(2018, 10, 26, 17, 43, 27, 440000),
 UTCDateTime(2018, 10, 26, 20, 39, 22, 190000), 
UTCDateTime(2018, 10, 26, 20, 57, 16, 300000),
 array([0.24244219, 0.77644427, 0.76004162]),
 array([0.5744472 , 0.72438495, 0.6826709 ]),
 array([0.29847761, 0.74087325, 0.73238162]),
 array([0.0868631 , 0.22961284, 0.2732468 ]),
 array([0.5372409 , 0.55562178, 0.50667611]),
 array([0.65348432, 0.37465025, 0.36925442]),
 array([0.61251351, 0.54460346, 0.47971608]), array([0.54843803, 0.67118019, 0.66882572])]