
[UTCDateTime(2018, 10, 29, 11, 30, 39, 609999),
 UTCDateTime(2018, 10, 29, 11, 43, 28, 580000),
 UTCDateTime(2018, 10, 29, 11, 58, 35, 849999),
 UTCDateTime(2018, 10, 29, 15, 47, 37, 720000),
 UTCDateTime(2018, 10, 29, 18, 1, 13, 249999)
, UTCDateTime(2018, 10, 29, 18, 1, 13, 360000),
 array([0.78965483, 0.96555548, 0.9743621 ]), 
array([0.26463865, 0.45387756, 0.64644829]),
 array([0.8533324 , 0.89887479, 0.89575306]),
 array([0.19639391, 0.33077342, 0.2286395 ]), 
array([0.48504867, 0.89647655, 0.92564242]),
 array([0.48487436, 0.89547924, 0.92541987]),
 array([0.8508649 , 0.49354538, 0.52181498]),
 array([0.59455842, 0.40805119, 0.47084015]),
 array([0.84590374, 0.48782283, 0.50500247]),
 array([0.70066133, 0.65591251, 0.57303494]),
 array([0.75845173, 0.49442542, 0.55205443]), array([0.76051007, 0.50033415, 0.56004335])]