
[UTCDateTime(2018, 10, 18, 15, 31, 54, 609999),
 UTCDateTime(2018, 10, 18, 19, 7, 45, 89999),
 UTCDateTime(2018, 10, 18, 19, 10, 5, 190000),
 UTCDateTime(2018, 10, 18, 20, 27, 47, 400000),
 array([0.10016043, 0.18944484, 0.32246828]), 
array([0.084551  , 0.25798706, 0.36970045]), 
array([0.06901046, 0.17065721, 0.29232013]), 
array([0.05929715, 0.15288864, 0.36468211]), 
array([0.64860782, 0.55238089, 0.53616553]),
 array([0.57588867, 0.55821038, 0.52852718]),
 array([0.61227497, 0.53442539, 0.54062632]),
 array([0.61972565, 0.57089463, 0.59898499])]