
[UTCDateTime(2018, 10, 25, 14, 59, 26, 710000), 
UTCDateTime(2018, 10, 25, 17, 0, 35, 249999),
 UTCDateTime(2018, 10, 25, 18, 48, 51, 9999),
 UTCDateTime(2018, 10, 25, 19, 36, 52, 680000),
 array([0.30966058, 0.73976784, 0.77448939]), 
array([0.40034974, 0.69230767, 0.76294465]),
 array([0.27983191, 0.75898867, 0.74876387]), 
array([0.10034685, 0.22896019, 0.30055166]), 
array([0.63457406, 0.42425764, 0.48544667]), 
array([0.63055038, 0.56516034, 0.48184246]),
 array([0.53965857, 0.51472103, 0.47773615]), array([0.60963071, 0.55329243, 0.59700811])]