
[[ -2.92193742e+00   5.37673518e+01  -7.89624372e-02]
 [ -2.92696813e+00   5.37682457e+01  -8.86410783e-02]
 [ -2.92834873e+00   5.37684929e+01  -8.80695223e-02]
 [ -2.92917375e+00   5.37686410e+01  -5.25470554e-02]
 [ -2.91905377e+00   5.37668443e+01  -1.08594934e-01]
 [ -2.91844364e+00   5.37667373e+01  -8.44202172e-02]
 [ -2.91986875e+00   5.37669873e+01  -1.22059973e-01]
 [ -2.92591966e+00   5.37680585e+01  -1.37353230e-01]
 [ -2.92215283e+00   5.37673899e+01  -1.53837738e-01]
 [ -2.91798343e+00   5.37666568e+01  -1.34168482e-01]
 [ -2.91928455e+00   5.37668848e+01  -1.52459527e-01]
 [ -2.92382271e+00   5.37676855e+01  -8.29418774e-02]
 [ -2.92284864e+00   5.37675129e+01  -4.61618005e-02]
 [ -2.92706648e+00   5.37682633e+01  -1.04584872e-01]
 [ -2.92662875e+00   5.37681850e+01  -8.64665773e-02]
 [ -2.93072664e+00   5.37689206e+01  -8.83621538e-02]
 [ -2.92613962e+00   5.37680977e+01  -6.79408376e-02]
 [ -2.92349534e+00   5.37676275e+01  -1.37031607e-01]
 [ -2.92426719e+00   5.37677644e+01  -1.04232217e-01]]