2.265443378190665769e-01 8.158758760972824042e-01 1.393573835686179763e+00
2.356663698168821597e-01 8.249979080950975430e-01 1.402695867683994457e+00
2.364958289248706436e-01 8.258273672030860268e-01 1.403525326791982941e+00
-2.025155688746949068e-03 5.873063825894684342e-01 1.165004342178365793e+00
-9.626566580457529554e-02 4.930658724736405318e-01 1.070763832062537446e+00
1.924618817932879367e-01 7.817934200715033199e-01 1.359491379660400234e+00
1.114260596238061396e-01 7.007575979020219670e-01 1.278455557490919325e+00
5.837009737385181474e-01 1.173032512016733975e+00 1.750730471605630889e+00
1.529699287187611390e-01 7.423014669969765222e-01 1.319999426585873881e+00
1.941667911651094869e-01 7.834983294433248702e-01 1.361196289032221785e+00
2.974533149289735334e-01 8.867848532071889167e-01 1.464482812796086275e+00
-6.951989385190460169e-02 5.198116444263112257e-01 1.097509604015208140e+00
8.608194996821527667e-03 5.979397332750373550e-01 1.175637692863934269e+00
4.449117202388528369e-01 1.034243258517068220e+00 1.611941218105965579e+00
8.099167133138842622e-01 1.399248251592100090e+00 1.976946211180997004e+00
1.017140719640072799e+00 1.606472257918288626e+00 2.184170217507185541e+00
6.344996170877781339e-02 6.527814999869931967e-01 1.230479459575890111e+00
-1.032718887417378717e-01 4.860596495364779557e-01 1.063757609125374870e+00
-1.402004130321810038e-01 4.491311252460343795e-01 1.026829084834931738e+00
