
[UTCDateTime(2018, 11, 1, 9, 4, 51, 140000),
 UTCDateTime(2018, 11, 1, 12, 47, 40, 170000),
 UTCDateTime(2018, 11, 1, 12, 49, 29, 550000),
 UTCDateTime(2018, 11, 1, 12, 53, 24, 20000), 
UTCDateTime(2018, 11, 1, 13, 15, 49, 200000),
 UTCDateTime(2018, 11, 1, 13, 15, 49, 200000),
 UTCDateTime(2018, 11, 1, 13, 17, 41, 810000),
 UTCDateTime(2018, 11, 1, 13, 17, 57, 770000),
 UTCDateTime(2018, 11, 1, 13, 20, 14, 320000),
 UTCDateTime(2018, 11, 1, 13, 30, 11, 240000),
 UTCDateTime(2018, 11, 1, 13, 31, 41, 340000), 
UTCDateTime(2018, 11, 1, 17, 46, 56, 550000), 
UTCDateTime(2018, 11, 1, 17, 50, 28, 690000), 
UTCDateTime(2018, 11, 1, 17, 53, 49, 440000),
 UTCDateTime(2018, 11, 1, 17, 57, 26, 630000),
 UTCDateTime(2018, 11, 1, 18, 17, 5, 110000),
 UTCDateTime(2018, 11, 1, 18, 26, 40, 600000),
 UTCDateTime(2018, 11, 1, 18, 30, 46, 70000),
 UTCDateTime(2018, 11, 1, 18, 33, 0, 500000),
 UTCDateTime(2018, 11, 1, 18, 34, 49, 80000), [0.46011514087613553, 0.6894933864779235, 0.6545283993780764], [0.14461641897407598, 0.4145808580568753, -0.2947453477717349], [-0.22458901463258937, 0.31551980381096695, 0.22708432654256525], [0.3140368916820123, -0.22090219714454645, 0.1302667572859397], [0.26450673987180834, -0.23674409769875726, 0.3962482282048836], [0.2681311010973186, -0.2382295472103422, 0.40160856908722004], [0.2241349682549298, 0.2978170283624461, -0.4993989604771003], [-0.1822936130686481, -0.2767375930368246, 0.21096682222162091], [0.20057441416811822, -0.39725386382404265, 0.321933573238265], [0.21559266077273304, 0.19518734481673727, 0.19359926469037123], [-0.1627776449451004, 0.22648252304949165, 0.40591702971622895], [-0.31262814412564577, 0.16459095599290882, -0.27092282069351636], [-0.3263826222082575, 0.21847497138069263, -0.23481460653731046], [-0.19870155409495918, -0.42392196939226834, 0.22107382481160928], [0.21482964654364745, 0.25097790791415764, 0.24977698552226993], [0.21532669646889277, -0.27548286461067095, -0.33185818962604374], [-0.21357189503143814, -0.47097498525418435, -0.3996855576558835], [0.12752755882617614, 0.27695522258296, -0.4245737524689511], [-0.17604933719708618, -0.2451831352156026, -0.2648512774104969], [-0.20454040786011266, -0.5393375669956162, 0.2798340639550571], [0.5590539274338056, -0.3183451848742545, 0.5850570484638135], [0.6178369711326571, 0.5747638822462283, 0.5925601707890785], [0.6167199144807357, 0.5619814179436562, 0.6136157736954324], [0.5953345274260804, 0.5850269083551553, 0.5700264877298994], [0.564676974604388, 0.6212881900961716, 0.4942172592363268], [0.5677735060665862, 0.6210690151806287, 0.4990705726585878], [0.5970925111444098, 0.5419249590136807, 0.5706402925140363], [0.5506923304488432, 0.5546146542873538, 0.5404304546980956], [0.5846723541696011, 0.5464571219671105, 0.582492818270822], [0.5536643652261668, 0.5424880073417623, 0.592144657662049], [0.5372696189680412, 0.5359059308496519, 0.5281719410274126], [0.5909717958849393, 0.5631319740905503, 0.533177216215184], [0.5639180792109281, 0.5802722470480965, 0.5373826695754597], [0.6252091231193649, 0.5877622688879321, 0.5843219393386332], [0.6194248590695289, 0.5759599215795549, 0.6202163804647226], [0.5768475578146193, 0.5535287676095949, 0.6490823282967515], [0.6010133163746211, 0.5335647671646598, 0.523545291866766], [0.5621183334374293, 0.528152341780269, 0.4051652341547263], [0.5590976269700717, 0.5578899578094322, 0.5561346829664453], [0.6258726627739323, 0.6313030107737836, 0.5431307681732882]]