
[UTCDateTime(2018, 10, 25, 12, 56, 29, 810000), 
UTCDateTime(2018, 10, 25, 12, 58, 36, 870000),
 UTCDateTime(2018, 10, 25, 14, 28, 9, 970000), 
UTCDateTime(2018, 10, 25, 15, 29, 50, 430000),
 UTCDateTime(2018, 10, 25, 15, 29, 50, 430000),
 UTCDateTime(2018, 10, 25, 17, 0, 36, 830000), 
UTCDateTime(2018, 10, 25, 17, 4, 16, 320000),
 UTCDateTime(2018, 10, 25, 17, 4, 16, 320000), 
UTCDateTime(2018, 10, 25, 17, 4, 16, 320000),
 UTCDateTime(2018, 10, 25, 17, 56, 41, 490000),
 UTCDateTime(2018, 10, 25, 18, 48, 53, 910000), [-0.23612351470952883, -0.3085518323889177, -0.24284332336344291], [0.2131670150919786, -0.4399372273210776, -0.20080810859866977], [-0.18389810593986058, -0.2590715312782582, 0.2906284561750164], [0.22359645887340837, 0.12809585341116253, 0.4189430313974795], [0.22066014056997835, 0.134260080143371, 0.4141014931544214], [0.6720368784001309, 0.8087514900050744, 0.8989388226479835], [0.38008153953181284, 0.4860437100780402, 0.6449313260233352], [0.3957350099181691, 0.4970302417779097, 0.6407763611633168], [0.3917736088316227, 0.4937664483364869, 0.6386679150501469], [0.5232945950039347, 0.7124078288116152, 0.7697815170559735], [0.4649528104528098, 0.8534635621237151, 0.8461894286375564], [0.5710557388812935, 0.5629291051216355, 0.5290885085298447], [0.5736151581112886, 0.5634194439096737, 0.5706285391929277], [0.615132792054282, 0.6074527272368584, 0.5784157826136681], [0.5294309009754413, 0.5474744272277724, 0.5092456777279427], [0.5318083854574591, 0.5546044612400194, 0.5233789950168983], [0.7550339855863103, 0.4951378508565894, 0.5873134749979977], [0.4571372806667966, 0.2598578130075647, 0.4272251896532289], [0.4805180446153988, 0.2693024292335279, 0.4289723702943678], [0.48873445392538084, 0.2748918555635974, 0.43350345412652064], [0.6311590618545361, 0.49547513628313306, 0.6353360398029105], [0.6125299092317623, 0.39276192058950676, 0.5329201934379245]]